# Time(s) Position(m)
0.0000 4000.0000
0.5000 3998.7767
1.0000 3995.1267
1.5000 3989.1085
2.0000 3980.8158
2.5000 3970.3714
3.0000 3957.9206
3.5000 3943.6241
4.0000 3927.6504
4.5000 3910.1700
5.0000 3891.3493
5.5000 3871.3475
6.0000 3850.3128
6.5000 3828.3812
7.0000 3805.6754
7.5000 3782.3050
8.0000 3758.3664
8.5000 3733.9440
9.0000 3709.1110
9.5000 3683.9306
10.0000 3658.4567
10.5000 3632.7355
11.0000 3606.8063
11.5000 3580.7024
12.0000 3554.4518
12.5000 3528.0783
13.0000 3501.6018
13.5000 3475.0391
14.0000 3448.4044
14.5000 3421.7093
15.0000 3394.9639
15.5000 3368.1764
16.0000 3341.3538
16.5000 3314.5018
17.0000 3287.6253
17.5000 3260.7283
18.0000 3233.8143
18.5000 3206.8860
19.0000 3179.9458
19.5000 3152.9957
20.0000 3126.0374
20.5000 3099.0721
21.0000 3072.1010
21.5000 3045.1252
22.0000 3018.1454
22.5000 2991.1622
23.0000 2964.1762
23.5000 2937.1879
24.0000 2910.1976
24.5000 2883.2058
25.0000 2856.2126
25.5000 2829.2182
26.0000 2802.2229
26.5000 2775.2269
27.0000 2748.2302
27.5000 2721.2329
28.0000 2694.2352
28.5000 2667.2371
29.0000 2640.2387
29.5000 2613.2400
30.0000 2586.2411
30.5000 2559.2420
31.0000 2532.2428
31.5000 2505.2434
32.0000 2478.2440
32.5000 2451.2444
33.0000 2424.2448
33.5000 2397.2451
34.0000 2370.2454
34.5000 2343.2456
35.0000 2316.2457
35.5000 2289.2459
36.0000 2262.2460
36.5000 2235.2461
37.0000 2208.2462
37.5000 2181.2463
38.0000 2154.2463
38.5000 2127.2464
39.0000 2100.2464
39.5000 2073.2465
40.0000 2046.2465
40.5000 2019.2465
41.0000 1992.2465
41.5000 1965.2466
42.0000 1938.2466
42.5000 1911.2466
43.0000 1884.2466
43.5000 1857.2466
44.0000 1830.2466
44.5000 1803.2466
45.0000 1776.2466
45.5000 1749.2466
46.0000 1722.2466
46.5000 1695.2466
47.0000 1668.2466
47.5000 1641.2466
48.0000 1614.2466
48.5000 1587.2466
49.0000 1560.2466
49.5000 1533.2466
50.0000 1506.2466
50.5000 1479.2466
51.0000 1452.2466
51.5000 1425.2466
52.0000 1398.2466
52.5000 1371.2466
53.0000 1344.2466
53.5000 1317.2466
54.0000 1290.2466
54.5000 1263.2467
55.0000 1236.2467
55.5000 1209.2467
56.0000 1182.2467
56.5000 1155.2467
57.0000 1128.2467
57.5000 1101.2467
58.0000 1074.2467
58.5000 1047.2467
59.0000 1020.2467
59.5000 993.2467
60.0000 966.2467
60.5000 939.2467
61.0000 912.2467
61.5000 885.2467
62.0000 858.2467
62.5000 831.2467
63.0000 804.2467
63.5000 777.2467
64.0000 750.2467
64.5000 723.2467
65.0000 696.2467
65.5000 669.2467
66.0000 642.2467
66.5000 615.2467
67.0000 588.2467
67.5000 561.2467
68.0000 534.2467
68.5000 507.2467
69.0000 480.2467
69.5000 453.2467
70.0000 426.2467
70.5000 399.2467
71.0000 372.2467
71.5000 345.2467
72.0000 318.2467
72.5000 291.2467
73.0000 264.2467
73.5000 237.2467
74.0000 210.2467
74.5000 183.2467
75.0000 156.2467
75.5000 129.2467
76.0000 102.2467
76.5000 75.2467
77.0000 48.2467
77.5000 21.2467
77.8935 0.0000
